10 11 12 13 26 28 1 
04 09 19 20 21 26 1 
01 07 10 23 28 32 1 
04 06 07 10 13 25 1 
04 06 15 17 30 31 1 
01 03 10 21 26 27 1 
01 09 19 21 23 26 1 
05 08 09 14 17 23 1 
05 09 18 20 22 30 1 
01 02 08 13 17 24 1 
04 05 11 12 30 32 1 
02 12 16 17 27 30 1 
08 13 17 21 23 32 1 
03 05 07 08 21 31 1 
04 11 19 25 26 32 1 
11 17 28 30 31 33 1 
05 08 18 23 25 31 1 
05 16 19 20 25 28 1 
04 08 12 13 16 33 1 
07 10 25 26 27 32 1 
14 15 18 25 26 30 1 
02 07 11 12 14 32 1 
01 10 20 22 26 31 1 
02 07 15 17 22 30 1 
01 05 11 13 14 27 1 
08 13 15 26 29 31 1 
01 11 14 17 27 28 1 
06 13 16 20 28 32 1 
02 07 15 26 29 32 1 
02 06 13 14 23 27 1 
11 17 20 22 28 32 1 
04 11 25 27 29 30 1 
01 07 14 20 27 30 1 
08 13 14 16 23 25 1 
03 04 05 08 10 11 1 
07 21 24 25 27 28 1 
09 14 17 18 26 32 1 
05 07 08 24 25 27 1 
03 05 23 24 27 32 1 
04 05 06 12 14 23 1 
02 03 17 18 24 25 1 
03 05 07 10 15 20 1 
02 08 10 19 20 32 1 
02 05 09 16 32 33 1 
03 07 14 15 17 32 1 
07 08 10 11 17 26 1 
03 17 26 28 32 33 1 
10 12 20 28 30 31 1 
03 06 07 13 24 25 1 
02 08 17 23 24 26 1 
04 13 15 17 24 27 1 
01 12 13 23 30 31 1 
15 19 20 21 28 29 1 
02 05 09 21 31 33 1 
06 13 16 21 28 31 1 
08 17 21 26 28 29 1 
18 19 24 25 30 31 1 
09 11 16 28 32 33 1 
02 03 05 06 18 30 1 
02 04 06 17 21 28 1 
03 05 20 21 28 32 1 
01 06 12 19 20 32 1 
05 08 09 14 21 33 1 
04 06 08 12 15 30 1 
06 15 16 17 30 33 1 
03 07 08 20 24 32 1 
05 11 12 13 27 31 1 
09 19 25 27 32 33 1 
07 11 16 19 26 28 1 
01 02 04 17 18 19 1 
09 11 12 14 15 33 1 
03 06 08 11 19 27 1 
02 12 14 21 23 30 1 
02 12 19 22 27 32 1 
16 17 19 22 31 33 1 
01 13 16 18 20 29 1 
04 12 16 22 24 25 1 
07 12 23 26 29 30 1 
12 15 22 23 26 31 1 
09 20 24 25 28 30 1 
01 02 14 26 29 30 1 
07 17 18 19 30 31 1 
01 03 14 18 26 28 1 
02 06 07 10 17 33 1 
01 04 11 12 19 27 1 
05 12 16 18 26 30 1 
02 03 04 05 24 28 1 
03 10 21 22 24 33 1 
18 19 21 26 27 33 1 
01 02 03 07 10 25 1 
10 12 18 22 30 31 1 
03 05 06 17 26 33 1 
10 19 22 23 25 29 1 
09 11 13 16 17 18 1 
04 12 18 20 23 32 1 
04 12 17 20 25 28 1 
01 07 10 22 32 33 1 
01 09 10 16 22 24 1 
06 07 08 13 14 19 1 
01 04 13 23 28 30 1 
01 07 27 30 31 33 1 
12 14 21 29 30 32 1 
03 07 11 17 20 26 1 
01 03 05 18 22 23 1 
04 07 08 28 30 32 1 
05 12 14 15 25 31 1 
02 05 06 08 18 30 1 
05 10 11 23 24 32 1 
01 02 09 22 28 31 1 
05 09 11 17 26 27 1 
03 10 14 19 20 30 1 
01 08 14 17 19 30 1 
01 13 21 23 25 32 1 
07 08 10 24 29 33 1 
04 10 14 18 28 32 1 
01 05 09 10 18 32 1 
01 02 03 05 10 22 1 
09 13 20 22 24 32 1 
01 07 09 17 26 31 1 
03 06 19 20 21 24 1 
02 05 08 11 15 31 1 
01 04 08 09 19 20 1 
02 07 13 20 27 30 1 
02 08 26 27 30 32 1 
02 13 17 18 26 30 1 
03 04 11 17 20 26 1 
11 16 17 25 28 29 1 
10 16 18 25 26 29 1 
07 17 19 20 21 29 1 
08 10 17 22 25 29 1 
06 10 13 17 18 21 1 
04 09 10 21 22 24 1 
02 06 07 12 31 32 1 
01 12 18 26 27 28 1 
07 15 16 22 23 32 1 
01 07 08 11 27 31 1 
08 09 11 16 17 29 1 
11 12 14 16 25 29 1 
06 07 19 21 25 29 1 
02 03 09 10 15 29 1 
01 12 14 15 17 29 1 
02 03 04 09 24 25 1 
09 11 14 16 27 28 1 
06 08 19 25 29 32 1 
01 20 21 25 29 30 1 
05 21 23 25 28 32 1 
01 08 11 12 27 31 1 
04 07 11 19 23 26 1 
03 05 11 24 27 28 1 
13 16 19 20 23 33 1 
01 12 25 27 28 29 1 
07 10 13 16 27 28 1 
14 15 18 20 27 31 1 
13 14 27 29 32 33 1 
05 13 20 23 24 25 1 
01 06 07 13 16 32 1 
02 08 11 13 24 31 1 
02 11 15 20 22 29 1 
10 12 21 22 30 33 1 
03 08 16 17 21 29 1 
08 15 18 28 30 33 1 
02 07 13 16 23 28 1 
05 06 15 19 26 29 1 
07 18 21 26 27 28 1 
03 05 13 17 25 31 1 
08 09 10 14 16 26 1 
04 05 10 21 24 26 1 
07 13 14 17 19 30 1 
03 08 20 23 24 26 1 
03 05 21 24 27 32 1 
03 20 24 27 29 30 1 
14 16 27 28 30 33 1 
01 04 08 11 21 25 1 
03 08 11 29 30 32 1 
10 13 18 19 25 27 1 
01 03 07 08 25 26 1 
02 10 19 22 24 32 1 
14 17 20 25 28 30 1 
01 18 20 24 32 33 1 
09 13 14 21 30 33 1 
01 04 08 13 28 31 1 
11 14 20 27 32 33 1 
05 09 10 13 24 25 1 
19 22 27 28 30 32 1 
01 04 12 16 20 30 1 
10 19 20 26 29 31 1 
03 12 13 25 26 31 1 
05 10 21 22 26 33 1 
06 08 09 14 24 33 1 
02 09 14 19 25 26 1 
03 09 12 15 28 32 1 
02 03 05 09 16 21 1 
07 11 17 18 24 29 1 
07 09 10 21 23 30 1 
10 15 23 26 28 29 1 
01 08 12 13 18 20 1 
08 13 14 27 28 31 1 
06 08 10 17 30 31 1 
14 19 20 21 22 31 1 
11 16 18 20 26 31 1 
09 13 15 21 26 33 1 
08 10 23 25 31 32 1 
01 06 09 17 21 22 1 
02 16 20 30 31 33 1 
01 03 05 08 14 33 1 
01 03 07 14 24 25 1 
03 04 07 12 30 31 1 
06 09 18 20 25 33 1 
07 08 18 21 27 32 1 
07 13 16 18 30 32 1 
03 11 14 22 24 31 1 
01 07 08 23 27 28 1 
06 09 20 26 28 33 1 
09 12 15 19 22 31 1 
01 04 08 09 22 23 1 
05 09 20 26 28 33 1 
02 04 05 15 21 31 1 
07 15 17 20 23 33 1 
11 19 22 27 32 33 1 
02 17 22 27 29 31 1 
08 10 11 18 25 26 1 
09 11 13 15 22 30 1 
02 03 06 16 22 31 1 
07 08 16 19 20 24 1 
13 19 21 23 30 32 1 
04 08 09 16 17 29 1 
01 05 06 12 16 30 1 
02 06 10 25 27 31 1 
01 03 06 22 23 25 1 
06 11 12 13 19 22 1 
14 16 19 20 25 29 1 
02 06 24 26 30 31 1 
08 10 12 21 32 33 1 
10 15 19 20 21 25 1 
05 09 14 27 31 32 1 
01 07 10 11 13 32 1 
06 12 14 20 25 26 1 
01 03 04 06 21 32 1 
09 26 25 32 22 04 1 
02 14 21 22 27 30 1 
01 05 09 14 22 28 1 
04 10 16 20 23 32 1 
05 15 19 20 25 29 1 
07 08 12 14 19 20 1 
05 17 18 25 28 32 1 
12 16 21 28 29 30 1 
12 19 20 21 26 31 1 
07 12 14 22 24 32 1 
04 07 11 20 27 28 1 
02 16 18 19 21 29 1 
01 12 21 24 30 32 1 
02 11 16 23 24 29 1 
11 16 21 26 27 30 1 
04 05 06 07 08 32 1 
01 06 16 17 18 22 1 
01 07 10 15 18 20 1 
09 16 18 20 22 24 1 
02 03 05 07 08 27 1 
06 07 08 10 16 28 1 
02 03 08 10 25 27 1 
02 09 12 20 26 32 1 
03 06 14 19 20 21 1 
01 02 14 17 30 32 1 
04 07 10 14 27 29 1 
05 13 17 18 21 29 1 
05 20 22 30 32 33 1 
12 17 19 27 29 31 1 
05 06 10 15 30 31 1 
04 06 10 21 25 26 1 
07 11 14 18 24 29 1 
09 12 21 25 31 33 1 
05 09 14 21 23 24 1 
02 07 11 12 20 23 1 
02 11 13 18 22 30 1 
10 18 23 27 30 32 1 
12 16 17 21 22 23 1 
02 04 10 11 25 28 1 
03 12 16 20 21 26 1 
01 08 10 13 25 33 1 
07 09 21 24 31 33 1 
03 04 08 14 16 26 1 
04 08 12 14 16 22 1 
06 10 19 20 24 33 1 
01 06 08 09 18 20 1 
06 09 18 20 26 29 1 
11 13 14 16 18 31 1 
04 09 11 22 25 28 1 
08 17 22 24 32 33 1 
03 11 15 20 26 32 1 
03 09 20 24 25 28 1 
01 12 14 26 27 32 1 
02 04 10 12 26 30 1 
01 07 11 14 19 20 1 
03 05 09 14 16 30 1 
01 02 07 15 19 20 1 
08 09 13 14 20 22 1 
07 11 12 24 27 29 1 
08 09 15 16 23 26 1 
01 03 07 18 20 24 1 
05 19 20 23 26 31 1 
01 09 21 25 29 32 1 
01 11 12 15 26 27 1 
08 13 19 26 28 31 1 
04 06 17 23 25 29 1 
03 05 09 23 27 33 1 
09 12 18 21 28 29 1 
04 05 17 18 26 33 1 
05 10 23 27 28 30 1 
12 15 19 22 31 33 1 
10 13 16 22 24 31 1 
02 04 09 14 16 31 1 
09 16 19 21 22 24 1 
02 05 06 14 24 31 1 
04 07 16 18 23 30 1 
02 04 21 23 30 33 1 
04 15 23 30 32 33 1 
01 11 13 24 26 31 1 
09 10 20 24 25 26 1 
03 10 12 24 29 30 1 
03 05 13 15 17 31 1 
07 10 16 19 24 25 1 
03 07 15 16 19 29 1 
04 12 22 28 29 30 1 
15 18 20 22 26 27 1 
06 07 10 15 21 27 1 
03 12 18 23 30 33 1 
04 06 08 14 15 30 1 
06 17 22 27 28 32 1 
04 09 12 15 26 31 1 
01 07 11 18 20 22 1 
01 06 13 18 30 32 1 
01 07 20 25 31 32 1 
01 04 07 14 30 32 1 
11 12 13 17 18 25 1 
05 06 10 19 31 33 1 
06 14 18 28 31 32 1 
02 08 13 19 25 26 1 
04 06 11 14 23 25 1 
02 04 14 23 29 33 1 
05 10 14 20 27 33 1 
03 05 09 15 20 25 1 
02 07 10 11 12 24 1 
02 04 10 18 27 29 1 
01 07 14 16 18 25 1 
04 13 14 18 26 30 1 
01 05 13 15 21 25 1 
05 14 16 18 25 27 1 
03 09 15 23 25 33 1 
03 20 05 22 11 06 1 
02 07 20 23 32 33 1 
04 06 07 08 12 17 1 
03 05 08 12 16 19 1 
07 10 12 17 22 29 1 
03 10 15 17 20 32 1 
01 08 14 15 19 27 1 
03 07 08 17 20 28 1 
07 11 19 20 24 28 1 
06 07 15 27 28 30 1 
03 15 17 23 24 29 1 
11 16 21 23 25 32 1 
03 07 10 14 18 20 1 
04 11 12 13 19 30 1 
01 05 12 14 21 27 1 
04 05 07 21 26 29 1 
01 12 15 19 21 28 1 
07 13 16 21 26 28 1 
02 04 05 06 16 20 1 
04 08 17 27 28 31 1 
03 19 20 24 26 27 1 
08 21 22 23 26 32 1 
04 16 18 27 32 33 1 
03 05 09 18 28 32 1 
05 06 08 20 26 30 1 
04 06 12 19 27 29 1 
05 07 08 14 27 31 1 
09 11 13 27 31 33 1 
01 05 06 12 16 21 1 
06 14 26 29 32 33 1 
02 03 09 15 29 32 1 
01 07 13 17 23 30 1 
03 04 08 31 32 33 1 
01 13 14 17 24 26 1 
04 06 13 22 26 32 1 
05 09 21 23 26 29 1 
01 02 05 20 21 22 1 
02 03 04 13 16 27 1 
04 13 14 19 23 28 1 
02 07 09 11 21 27 1 
03 04 17 19 24 32 1 
01 02 18 22 29 32 1 
06 08 11 14 16 27 1 
05 07 14 16 17 27 1 
03 04 07 09 14 19 1 
08 13 15 17 20 32 1 
03 10 12 16 31 32 1 
05 18 20 24 26 31 1 
15 20 22 23 27 31 1 
02 10 15 16 17 33 1 
03 09 13 21 27 29 1 
04 07 10 16 17 21 1 
02 12 23 24 25 32 1 
02 14 17 19 22 30 1 
16 19 22 28 31 32 1 
15 22 25 26 28 33 1 
03 10 16 18 21 28 1 
03 16 23 26 28 31 1 
05 12 13 16 23 32 1 
02 10 18 21 30 31 1 
06 07 10 14 20 21 1 
13 18 23 29 31 32 1 
02 17 20 22 28 32 1 
09 13 19 25 29 32 1 
06 10 12 13 17 20 1 
02 06 12 15 25 31 1 
02 06 07 17 27 30 1 
11 24 26 27 30 32 1 
01 11 17 27 28 31 1 
03 05 07 10 28 30 1 
04 05 28 29 31 33 1 
11 13 15 21 23 25 1 
03 04 17 18 21 31 1 
01 12 22 23 24 25 1 
05 10 15 17 27 29 1 
05 15 19 23 30 32 1 
05 13 17 19 25 30 1 
18 22 23 24 26 30 1 
04 05 15 21 23 24 1 
03 12 14 21 24 28 1 
04 08 17 28 29 30 1 
06 08 11 18 30 33 1 
07 08 11 16 17 24 1 
03 07 10 14 30 33 1 
05 16 20 22 29 30 1 
02 03 11 13 20 27 1 
05 11 12 19 29 31 1 
02 03 05 20 21 24 1 
05 13 16 18 27 29 1 
01 03 15 19 25 33 1 
10 21 22 23 25 33 1 
04 10 17 21 29 32 1 
08 09 12 13 19 33 1 
03 05 17 22 31 33 1 
06 11 13 17 20 32 1 
15 17 20 22 26 29 1 
14 16 18 21 22 32 1 
03 13 15 23 28 29 1 
07 09 18 19 26 29 1 
01 12 17 21 25 28 1 
02 06 18 21 24 25 1 
04 06 10 24 26 31 1 
04 05 08 09 12 30 1 
03 11 20 24 25 26 1 
01 13 16 18 19 22 1 
02 11 15 20 23 29 1 
07 08 12 21 22 24 1 
02 08 11 16 20 21 1 
02 12 16 18 19 23 1 
15 16 17 18 24 33 1 
01 03 17 20 21 29 1 
01 05 09 13 18 33 1 
11 14 15 20 26 27 1 
06 07 10 11 18 23 1 
09 12 18 23 24 27 1 
01 11 18 26 30 32 1 
09 12 20 26 27 28 1 
01 04 13 19 20 24 1 
12 14 15 25 28 31 1 
03 07 22 27 28 31 1 
05 12 14 15 20 31 1 
02 12 14 19 28 33 1 
01 06 08 13 17 30 1 
02 06 08 20 24 30 1 
01 05 17 18 23 26 1 
09 12 14 18 27 33 1 
01 08 11 16 17 22 1 
04 09 13 15 31 33 1 
05 14 17 18 28 33 1 
08 10 14 20 27 29 1 
01 10 20 26 28 29 1 
05 16 21 22 32 33 1 
06 14 20 22 23 26 1 
01 03 07 08 10 30 1 
01 02 14 20 27 30 1 
06 08 14 15 24 33 1 
03 04 06 27 31 33 1 
04 05 06 08 22 24 1 
02 03 20 25 28 32 1 
12 13 14 18 31 32 1 
15 19 23 30 32 33 1 
02 08 13 16 24 33 1 
03 04 11 17 19 30 1 
04 15 21 30 31 33 1 
09 14 18 22 27 29 1 
01 12 21 22 30 32 1 
03 04 09 22 26 33 1 
06 14 22 26 30 33 1 
04 06 20 25 29 31 1 
10 13 18 26 28 30 1 
04 19 21 22 23 31 1 
11 15 17 21 22 24 1 
10 14 17 21 27 31 1 
04 09 11 17 18 26 1 
07 08 14 21 23 25 1 
01 08 11 18 19 23 1 
16 18 22 23 25 31 1 
10 16 19 22 26 27 1 
01 15 20 22 29 31 1 
04 10 13 16 22 29 1 
02 07 23 26 28 31 1 
03 09 13 23 28 30 1 
01 04 15 17 27 31 1 
04 08 12 13 23 29 1 
02 03 05 11 15 32 1 
08 09 12 18 25 27 1 
01 03 04 06 16 22 1 
01 14 20 25 27 31 1 
01 07 11 20 30 33 1 
07 14 18 20 30 33 1 
02 04 09 10 20 26 1 
05 06 14 20 21 22 1 
05 09 11 12 22 27 1 
03 07 10 13 25 33 1 
01 05 06 16 24 30 1 
06 10 14 22 26 27 1 
04 12 15 17 22 32 1 
01 04 05 18 19 25 1 
02 04 14 15 25 27 1 
03 08 14 17 30 32 1 
03 10 15 25 28 33 1 
03 05 07 21 26 28 1 
05 15 18 27 29 32 1 
01 13 16 20 24 26 1 
03 04 08 18 22 30 1 
01 18 20 22 26 33 1 
05 09 10 24 25 32 1 
01 12 18 20 21 26 1 
04 11 16 23 29 31 1 
05 10 16 20 28 31 1 
03 06 09 11 25 31 1 
02 04 07 10 18 27 1 
03 07 13 17 32 33 1 
08 09 17 25 27 32 1 
03 16 18 22 23 26 1 
01 04 14 16 26 29 1 
02 03 09 22 24 27 1 
03 08 13 20 29 30 1 
06 08 09 11 19 21 1 
03 16 21 22 27 30 1 
04 06 10 12 19 31 1 
04 08 16 24 30 32 1 
03 04 11 17 18 28 1 
02 09 12 14 23 25 1 
01 04 08 12 29 31 1 
03 14 21 23 30 31 1 
10 11 16 23 31 33 1 
03 11 14 19 21 30 1 
06 07 19 24 27 29 1 
13 14 15 19 24 30 1 
01 03 09 11 26 31 1 
03 13 16 19 32 33 1 
03 08 10 11 14 30 1 
09 13 20 21 24 32 1 
01 12 18 21 28 30 1 
02 06 07 09 19 26 1 
02 04 16 18 23 30 1 
02 11 12 15 17 28 1 
04 14 18 19 31 33 1 
01 05 08 13 18 25 1 
03 14 16 26 27 33 1 
02 03 07 08 26 29 1 
10 13 16 17 18 27 1 
01 03 16 18 23 28 1 
02 06 11 22 28 29 1 
14 17 21 29 31 32 1 
05 11 18 19 20 21 1 
07 08 10 13 25 27 1 
01 03 04 06 07 29 1 
01 02 08 16 19 29 1 
01 06 07 11 20 23 1 
08 17 20 29 30 33 1 
10 15 17 24 26 28 1 
02 06 09 16 21 23 1 
04 07 19 21 25 31 1 
05 11 16 24 32 33 1 
06 11 13 17 21 23 1 
11 18 19 22 23 28 1 
03 04 11 12 14 32 1 
06 08 15 17 18 30 1 
01 06 14 21 30 31 1 
02 04 08 13 14 33 1 
05 09 11 19 28 31 1 
08 13 15 25 27 28 1 
13 16 17 22 30 32 1 
06 12 15 16 20 31 1 
06 08 14 21 28 29 1 
04 06 07 23 25 32 1 
03 04 14 20 21 25 1 
01 08 16 18 19 29 1 
09 14 15 19 24 33 1 
05 15 17 18 25 32 1 
11 14 18 20 21 26 1 
06 10 12 14 20 27 1 
02 12 17 19 29 30 1 
05 08 14 22 27 29 1 
01 03 04 05 08 21 1 
02 04 10 28 29 33 1 
03 07 08 15 19 28 1 
05 11 13 27 30 31 1 
02 11 17 30 31 32 1 
14 18 22 23 24 33 1 
05 10 13 15 19 29 1 
03 05 18 19 24 32 1 
01 06 08 18 29 32 1 
09 10 20 22 30 32 1 
04 08 13 18 26 30 1 
02 03 05 11 19 20 1 
03 04 14 27 31 33 1 
08 18 27 29 30 32 1 
15 16 18 21 22 30 1 
04 06 08 18 20 33 1 
07 09 25 27 30 32 1 
02 08 12 14 20 32 1 
02 07 10 17 23 29 1 
12 18 21 24 25 29 1 
02 08 09 18 24 28 1 
03 07 12 13 20 33 1 
01 04 07 08 13 14 1 
02 04 07 15 24 28 1 
02 09 10 12 13 17 1 
07 11 14 16 25 32 1 
04 18 23 25 26 31 1 
05 12 15 24 27 33 1 
01 05 10 16 20 26 1 
03 05 07 11 17 27 1 
03 07 09 10 26 32 1 
04 10 16 18 25 32 1 
03 08 11 13 25 31 1 
06 07 11 12 18 25 1 
03 10 21 22 27 28 1 
04 07 19 24 26 32 1 
01 13 15 23 28 32 1 
03 07 13 16 19 32 1 
03 05 18 20 27 33 1 
09 10 19 23 26 31 1 
06 09 13 16 24 28 1 
09 10 19 21 27 31 1 
05 07 20 21 22 30 1 
03 05 09 11 27 31 1 
03 05 07 16 22 27 1 
01 09 16 21 22 23 1 
03 06 07 11 13 33 1 
01 04 10 13 18 25 1 
01 11 16 26 31 33 1 
01 02 18 21 25 29 1 
03 07 08 18 20 22 1 
02 03 15 17 19 25 1 
06 10 12 14 16 22 1 
01 05 16 21 22 26 1 
02 03 04 06 17 31 1 
11 20 25 26 27 30 1 
01 06 22 23 24 26 1 
08 14 23 25 28 32 1 
08 09 11 12 25 31 1 
04 18 22 24 26 30 1 
03 07 18 24 26 27 1 
03 09 16 17 23 28 1 
01 17 19 22 28 30 1 
03 05 11 13 19 24 1 
01 06 10 11 23 25 1 
11 17 21 29 30 33 1 
01 04 19 20 25 31 1 
02 04 07 09 14 29 1 
03 04 18 22 25 29 1 
06 08 11 13 17 19 1 
04 08 22 23 27 29 1 
03 05 15 22 24 25 1 
01 14 16 18 22 27 1 
01 13 17 22 23 30 1 
02 15 16 23 26 27 1 
09 21 29 30 31 32 1 
03 08 11 17 21 27 1 
02 14 17 21 30 32 1 
03 04 05 16 20 30 1 
02 08 15 16 22 28 1 
03 09 11 17 21 31 1 
06 08 11 16 29 33 1 
03 12 14 21 29 33 1 
02 05 07 17 20 22 1 
02 05 06 23 26 33 1 
02 09 11 17 27 31 1 
03 10 13 15 28 30 1 
09 12 19 20 26 28 1 
12 18 20 24 28 32 1 
08 16 18 25 26 32 1 
11 20 21 26 28 30 1 
08 16 17 18 19 21 1 
05 17 19 27 29 32 1 
15 18 19 23 24 26 1 
01 13 21 26 29 32 1 
01 09 14 22 29 32 1 
06 15 18 19 20 28 1 
03 06 11 15 21 31 1 
05 14 16 21 23 28 1 
12 17 18 30 31 33 1 
03 05 09 11 21 29 1 
07 11 14 17 18 29 1 
02 06 13 18 23 28 1 
01 12 22 24 28 31 1 
03 09 10 11 15 19 1 
01 07 10 13 22 29 1 
06 13 22 25 27 28 1 
08 11 20 22 23 27 1 
03 04 09 11 12 24 1 
03 10 16 22 27 33 1 
05 07 09 20 26 29 1 
01 10 13 21 29 32 1 
15 16 18 24 28 33 1 
09 12 13 14 20 22 1 
11 18 21 27 30 32 1 
03 10 12 13 19 25 1 
01 11 19 24 26 27 1 
01 04 08 10 13 33 1 
02 10 17 23 29 31 1 
06 12 19 20 21 27 1 
02 06 16 17 20 25 1 
11 16 19 23 26 31 1 
08 13 22 23 25 30 1 
19 20 21 26 28 30 1 
01 12 21 27 29 31 1 
02 06 15 29 31 32 1 
06 07 08 17 30 32 1 
01 02 05 12 26 31 1 
06 08 13 17 24 27 1 
05 09 11 14 16 17 1 
01 02 07 09 12 18 1 
05 13 15 19 30 31 1 
07 12 21 22 29 30 1 
10 11 15 19 26 33 1 
05 07 17 23 27 29 1 
05 08 17 20 26 30 1 
05 06 12 15 18 33 1 
01 06 21 26 27 28 1 
01 05 10 18 22 30 1 
01 09 13 22 28 33 1 
01 11 15 19 20 24 1 
01 08 14 18 22 30 1 
02 05 07 11 13 18 1 
04 12 22 26 30 33 1 
06 13 16 26 30 33 1 
03 04 05 10 20 32 1 
04 14 22 25 29 32 1 
02 12 13 18 25 31 1 
04 08 10 12 21 26 1 
07 08 09 18 29 32 1 
04 07 13 20 29 30 1 
01 04 12 20 24 29 1 
04 05 10 26 27 30 1 
01 07 26 29 30 31 1 
01 06 08 16 17 23 1 
03 06 11 16 22 27 1 
02 07 14 18 19 24 1 
03 12 14 23 31 32 1 
01 03 18 27 28 30 1 
04 10 12 16 26 28 1 
01 04 15 16 23 28 1 
03 08 14 21 28 29 1 
06 08 12 24 27 31 1 
03 06 08 09 16 17 1 
06 07 10 11 15 30 1 
10 15 16 22 23 24 1 
08 14 17 21 27 28 1 
09 17 21 26 28 30 1 
03 07 12 21 25 32 1 
01 12 16 18 22 33 1 
03 06 08 17 24 31 1 
05 17 19 27 28 32 1 
14 19 25 27 29 30 1 
06 13 18 22 27 32 1 
09 10 15 17 23 30 1 
04 07 09 16 21 28 1 
10 16 22 23 29 31 1 
17 18 21 25 31 32 1 
05 13 14 19 22 23 1 
06 09 10 12 17 22 1 
04 09 20 24 25 31 1 
02 12 13 14 17 18 1 
03 07 21 22 24 29 1 
25 25 7 1 10 10 0 
18 16 19 1 23 14 0 
31 21 25 25 10 1 0 
28 24 3 27 7 4 0 
1 1 12 1 11 14 0 
33 5 19 2 19 5 0 
25 5 2 31 6 4 0 
18 23 11 15 8 5 0 
12 22 16 7 21 5 0 
20 29 13 23 11 2 0 
17 16 33 5 2 7 0 
15 31 5 6 4 13 0 
32 3 6 14 30 12 0 
4 27 7 21 26 12 0 
32 31 4 29 3 2 0 
17 27 7 8 18 9 0 
8 2 10 13 7 13 0 
1 21 15 3 33 7 0 
30 32 32 8 14 6 0 
33 19 15 25 12 1 0 
30 12 6 17 7 16 0 
5 30 16 29 6 9 0 
31 11 2 24 9 16 0 
17 16 7 32 30 11 0 
27 23 20 27 26 10 0 
1 6 12 32 27 15 0 
13 1 5 33 13 5 0 
15 26 20 20 26 14 0 
6 8 31 26 3 3 0 
24 12 9 7 5 5 0 
1 8 27 29 30 14 0 
29 31 31 10 29 7 0 
4 1 11 20 17 3 0 
29 19 6 6 29 7 0 
4 13 6 9 18 7 0 
8 19 26 15 21 10 0 
7 5 9 7 4 8 0 
28 23 16 14 28 13 0 
15 27 33 33 33 7 0 
14 8 15 16 1 14 0 
22 33 23 33 10 14 0 
16 14 19 32 7 5 0 
33 25 16 23 9 8 0 
23 3 7 5 19 10 0 
6 16 21 32 30 8 0 
7 23 28 9 21 13 0 
24 11 21 30 2 1 0 
21 2 10 10 18 16 0 
27 24 20 30 33 2 0 
7 28 19 26 30 12 0 
30 9 5 6 2 5 0 
12 11 30 4 2 7 0 
33 3 10 3 7 16 0 
31 6 25 24 25 6 0 
30 24 16 23 32 1 0 
32 25 27 32 6 1 0 
25 31 16 1 33 15 0 
23 8 21 9 20 11 0 
7 27 33 20 7 1 0 
22 30 16 15 30 4 0 
30 17 5 22 16 10 0 
22 20 19 5 24 13 0 
27 20 21 14 8 11 0 
1 2 20 18 5 12 0 
17 20 1 16 21 12 0 
1 21 14 17 12 16 0 
4 2 4 31 5 11 0 
15 28 33 4 9 4 0 
2 9 17 27 24 6 0 
21 4 16 4 6 11 0 
27 9 11 24 27 15 0 
28 21 29 29 33 4 0 
17 31 7 13 22 16 0 
23 18 31 10 21 13 0 
13 20 17 30 8 11 0 
11 32 31 26 32 15 0 
9 20 14 16 19 15 0 
30 20 32 13 28 1 0 
11 29 29 29 28 1 0 
1 29 9 11 29 4 0 
29 23 19 6 5 14 0 
15 9 3 5 32 12 0 
16 32 16 14 18 12 0 
16 27 28 12 19 14 0 
22 15 6 3 27 13 0 
25 27 33 32 13 6 0 
20 7 29 10 2 13 0 
9 8 21 25 30 12 0 
28 14 7 11 2 3 0 
5 3 15 20 3 3 0 
33 2 22 24 24 2 0 
18 33 1 11 10 1 0 
19 8 12 13 2 10 0 
33 11 26 15 12 11 0 
16 30 5 4 25 12 0 
25 31 24 13 14 15 0 
25 4 14 22 14 2 0 
4 17 19 31 26 7 0 
23 17 14 10 6 14 0 
8 28 13 5 2 5 0 
13 1 33 7 22 13 0 
3 21 29 17 18 7 0 
10 26 30 25 23 9 0 
9 7 6 25 17 3 0 
11 18 20 4 3 4 0 
12 30 19 15 24 15 0 
6 3 10 5 9 3 0 
31 30 4 13 15 13 0 
6 23 22 19 30 16 0 
7 13 22 26 17 6 0 
16 19 31 14 24 9 0 
1 32 17 25 1 13 0 
31 8 22 8 14 3 0 
26 16 11 6 5 7 0 
8 9 27 18 21 3 0 
15 28 33 31 12 2 0 
20 9 24 20 9 16 0 
20 31 11 17 31 16 0 
12 3 30 5 2 15 0 
2 9 30 2 28 11 0 
25 31 3 12 30 7 0 
21 20 6 19 17 14 0 
28 5 33 18 18 9 0 
11 10 3 25 3 7 0 
7 16 7 5 32 14 0 
18 13 28 25 33 15 0 
28 10 14 33 16 9 0 
19 27 21 32 31 10 0 
33 32 13 9 20 12 0 
19 23 22 32 5 14 0 
1 16 1 17 9 15 0 
33 22 24 30 2 8 0 
10 12 24 8 20 3 0 
32 4 27 10 3 7 0 
18 10 21 2 3 15 0 
29 31 1 4 29 9 0 
20 23 6 5 21 13 0 
28 17 23 7 7 12 0 
4 27 30 20 30 2 0 
18 12 29 9 12 16 0 
28 29 25 13 10 12 0 
15 28 17 16 8 15 0 
26 17 29 24 21 15 0 
32 12 7 32 15 4 0 
2 14 21 24 3 11 0 
15 7 18 19 28 5 0 
5 3 24 30 25 3 0 
8 18 23 17 15 10 0 
2 31 30 11 5 15 0 
24 6 13 20 23 10 0 
16 22 21 7 6 13 0 
22 6 31 31 10 1 0 
31 24 24 22 14 4 0 
8 11 19 25 16 13 0 
16 25 32 20 6 9 0 
33 10 27 24 16 1 0 
13 30 15 6 20 2 0 
3 23 4 29 6 12 0 
27 10 25 14 2 16 0 
2 6 15 20 13 7 0 
6 5 32 20 11 14 0 
23 14 24 2 8 8 0 
17 32 32 24 5 6 0 
8 8 30 33 5 5 0 
31 6 23 5 24 2 0 
26 25 25 24 2 13 0 
8 20 28 10 22 1 0 
27 1 19 21 19 15 0 
2 23 28 3 29 8 0 
29 28 4 21 13 7 0 
23 14 12 6 14 3 0 
19 10 20 9 6 15 0 
20 8 8 29 13 13 0 
32 30 12 5 4 11 0 
24 21 10 17 25 12 0 
5 19 11 13 1 3 0 
4 18 22 13 16 5 0 
16 12 28 11 17 8 0 
28 13 25 1 8 9 0 
17 3 1 16 18 3 0 
25 19 19 28 22 9 0 
28 24 20 14 18 4 0 
9 8 5 19 1 4 0 
29 32 19 4 18 4 0 
11 2 16 5 27 13 0 
19 3 24 25 23 12 0 
17 20 19 1 25 8 0 
23 14 15 5 31 3 0 
4 30 28 15 18 14 0 
13 22 9 18 10 11 0 
21 5 2 16 26 6 0 
17 22 5 11 28 9 0 
22 16 8 12 9 6 0 
16 26 25 9 31 10 0 
5 29 15 6 7 15 0 
6 10 31 10 28 14 0 
30 2 5 24 5 9 0 
30 2 4 21 12 8 0 
20 17 29 22 2 16 0 
8 10 8 15 2 10 0 
9 2 2 15 27 11 0 
29 19 26 15 1 12 0 
28 1 3 23 19 3 0 
25 31 22 12 16 16 0 
32 14 23 8 8 16 0 
29 20 25 6 28 13 0 
6 2 20 33 13 15 0 
32 24 8 26 31 3 0 
33 25 29 20 28 14 0 
4 22 2 31 7 6 0 
23 23 18 22 27 10 0 
4 5 18 13 21 6 0 
29 11 11 9 33 10 0 
4 13 6 7 7 13 0 
9 18 16 29 12 2 0 
28 27 1 16 32 10 0 
26 10 7 31 17 9 0 
25 17 7 32 32 4 0 
28 19 23 1 15 12 0 
3 7 9 20 3 16 0 
12 24 11 31 5 8 0 
33 4 31 27 28 12 0 
16 13 26 4 24 4 0 
25 28 31 24 28 10 0 
1 12 3 25 23 1 0 
1 33 13 3 20 15 0 
13 8 16 7 24 16 0 
26 13 4 13 12 13 0 
22 7 25 8 17 3 0 
23 11 20 12 7 4 0 
33 32 25 23 32 11 0 
3 18 10 15 15 7 0 
23 24 13 27 1 4 0 
27 1 3 22 30 5 0 
1 27 24 31 8 1 0 
25 2 16 33 9 5 0 
28 9 16 23 31 6 0 
7 30 9 31 30 13 0 
18 21 16 12 15 1 0 
9 8 20 4 11 9 0 
14 4 28 12 1 8 0 
17 30 9 12 24 2 0 
24 31 10 5 23 16 0 
4 5 8 32 4 13 0 
16 7 23 23 5 1 0 
9 4 5 19 26 7 0 
9 10 5 14 23 5 0 
30 1 11 33 1 3 0 
22 32 28 29 6 2 0 
29 28 10 18 19 11 0 
8 16 30 9 32 3 0 
31 8 16 13 13 8 0 
20 31 14 30 30 9 0 
26 13 30 17 4 8 0 
15 1 5 22 18 5 0 
3 26 7 6 24 6 0 
4 6 2 16 29 1 0 
17 30 14 32 21 10 0 
4 16 25 12 15 11 0 
17 9 21 27 2 2 0 
24 19 27 7 20 4 0 
14 31 25 30 28 10 0 
11 20 16 10 18 16 0 
3 30 26 33 21 5 0 
4 22 33 10 23 7 0 
4 21 2 3 22 7 0 
2 9 9 9 22 2 0 
23 17 24 15 25 12 0 
4 27 25 14 15 15 0 
17 28 20 19 3 5 0 
7 19 9 29 28 13 0 
13 7 1 18 22 9 0 
15 18 20 14 19 2 0 
5 21 9 13 16 14 0 
7 29 29 11 27 15 0 
14 13 15 3 9 6 0 
9 18 4 21 25 8 0 
17 7 12 7 5 13 0 
11 20 20 1 1 12 0 
32 5 24 25 16 8 0 
5 20 33 19 9 13 0 
21 5 18 32 7 8 0 
22 22 12 33 8 1 0 
12 11 10 17 5 9 0 
16 9 33 22 18 5 0 
22 31 18 29 20 1 0 
24 31 12 15 6 4 0 
19 27 33 16 5 5 0 
13 19 2 26 6 1 0 
29 3 3 26 18 11 0 
18 11 23 24 32 2 0 
14 26 32 12 31 6 0 
33 10 19 4 29 13 0 
17 10 18 24 26 9 0 
11 6 27 27 26 6 0 
16 6 23 1 27 10 0 
33 13 31 6 5 11 0 
10 4 20 9 20 16 0 
14 23 32 14 6 1 0 
7 31 18 30 29 6 0 
